# generated by PrusaSlicer 2.8.1+win64 on 2024-09-28 at 16:55:16 UTC
autoemit_temperature_commands = 1
bed_custom_model = 
bed_custom_texture = 
bed_shape = 99.6195x8.71557,98.4808x17.3648,96.5926x25.8819,93.9693x34.202,90.6308x42.2618,86.6025x50,81.9152x57.3576,76.6044x64.2788,70.7107x70.7107,64.2788x76.6044,57.3576x81.9152,50x86.6025,42.2618x90.6308,34.202x93.9693,25.8819x96.5926,17.3648x98.4808,8.71557x99.6195,6.12323e-15x100,-8.71557x99.6195,-17.3648x98.4808,-25.8819x96.5926,-34.202x93.9693,-42.2618x90.6308,-50x86.6025,-57.3576x81.9152,-64.2788x76.6044,-70.7107x70.7107,-76.6044x64.2788,-81.9152x57.3576,-86.6025x50,-90.6308x42.2618,-93.9693x34.202,-96.5926x25.8819,-98.4808x17.3648,-99.6195x8.71557,-100x1.22465e-14,-99.6195x-8.71557,-98.4808x-17.3648,-96.5926x-25.8819,-93.9693x-34.202,-90.6308x-42.2618,-86.6025x-50,-81.9152x-57.3576,-76.6044x-64.2788,-70.7107x-70.7107,-64.2788x-76.6044,-57.3576x-81.9152,-50x-86.6025,-42.2618x-90.6308,-34.202x-93.9693,-25.8819x-96.5926,-17.3648x-98.4808,-8.71557x-99.6195,-1.83697e-14x-100,8.71557x-99.6195,17.3648x-98.4808,25.8819x-96.5926,34.202x-93.9693,42.2618x-90.6308,50x-86.6025,57.3576x-81.9152,64.2788x-76.6044,70.7107x-70.7107,76.6044x-64.2788,81.9152x-57.3576,86.6025x-50,90.6308x-42.2618,93.9693x-34.202,96.5926x-25.8819,98.4808x-17.3648,99.6195x-8.71557,100x-2.44929e-14
before_layer_gcode = 
between_objects_gcode = 
binary_gcode = 0
color_change_gcode = M600
cooling_tube_length = 5
cooling_tube_retraction = 91.5
default_filament_profile = 
default_print_profile = 
deretract_speed = 0
end_gcode = M104 S0 ; turn off temperature\nM140 S-273.1 ; switch off bed heater\nG28 Z0  ; home Z axis\nM84     ; disable motors\n
extra_loading_move = -2
extruder_colour = ""
extruder_offset = 0x0
gcode_flavor = reprap
high_current_on_filament_swap = 0
host_type = octoprint
inherits = 
layer_gcode = 
machine_limits_usage = time_estimate_only
machine_max_acceleration_e = 10000,5000
machine_max_acceleration_extruding = 1500,1250
machine_max_acceleration_retracting = 1500,1250
machine_max_acceleration_travel = 1500,1250
machine_max_acceleration_x = 9000,1000
machine_max_acceleration_y = 9000,1000
machine_max_acceleration_z = 500,200
machine_max_feedrate_e = 120,120
machine_max_feedrate_x = 500,200
machine_max_feedrate_y = 500,200
machine_max_feedrate_z = 12,12
machine_max_jerk_e = 2.5,2.5
machine_max_jerk_x = 10,10
machine_max_jerk_y = 10,10
machine_max_jerk_z = 0.2,0.4
machine_min_extruding_rate = 0,0
machine_min_travel_rate = 0,0
max_layer_height = 0
max_print_height = 200
min_layer_height = 0.07
multimaterial_purging = 140
nozzle_diameter = 0.4
nozzle_high_flow = 0
parking_pos_retraction = 92
pause_print_gcode = M601
prefer_clockwise_movements = 0
print_host = 
printer_model = 
printer_notes = 
printer_settings_id = 
printer_technology = FFF
printer_variant = 
printer_vendor = 
printhost_apikey = 
printhost_cafile = 
remaining_times = 1
retract_before_travel = 2
retract_before_wipe = 0%
retract_layer_change = 0
retract_length = 1
retract_length_toolchange = 10
retract_lift = 2
retract_lift_above = 0
retract_lift_below = 0
retract_restart_extra = 0
retract_restart_extra_toolchange = 0
retract_speed = 30
silent_mode = 1
single_extruder_multi_material = 0
start_gcode = G32 ; Calibrate\nG1 Z5 F5000 ; lift nozzle\n
template_custom_gcode = 
thumbnails = 128x128/PNG
thumbnails_format = PNG
toolchange_gcode = 
travel_lift_before_obstacle = 1
travel_max_lift = 2
travel_ramping_lift = 0
travel_slope = 0
use_firmware_retraction = 0
use_relative_e_distances = 0
use_volumetric_e = 0
variable_layer_height = 1
wipe = 0
z_offset = 0
